-239959585
89782141
15624687
275070659
849862722
202696389
-955110428
105553460
368018677
-700291674
853312002
886489855
643627675
-98248541
-790523468
254941629
-241823274
301619492
-614306725
-530517886
-771439854
-135688653
439921500
-670389647
924268694
-1487920
-871794031
-302070467
384860625
823668229
-258810024
-739130852
672660893
336836847
999303280
-794303681
-804311470
-249279282
-913112402
233310204
39293880
-428208699
-586851791
-117999234
-745682326
-698245704
629472204
472703562
-326280980
-472544466
393037803
-876344192
752040331
-246752143
-439474015
624999046
592946694
860188034
102147309
-760443701
429710695
-133916685
261440137
456562169
-623997515
-431348695
-648888210
398963665
108979864
700853181
550276542
225323207
42146253
-286148408
-39028894
-613618444
539317713
235325661
-597343699
39532843
-893608494
-32085641
-480039537
-858577189
-195474199
281861514
393564146
573780819
-997800792
-609559090
-374161557
-690054622
35434038
915792836
283538354
833633552
-587995982
-39385390
-706948695
-394457431
-482511448
-677918132
-23732567
-212248438
-308933174
-999273944
807741769
163553282
257155876
-835440351
769419335
-343709115
302503332
-359358684
537726479
-481030902
738698722
-472616394
-153551248
-195767798
-81048588
859180
59511507
-553286033
862574226
-211415215
-891653762
-555149046
868221009
-89947647
-520576210
839189589
92501109
-875893665
-700614005
462377920
220181032
313656003
308391194
-269259516
-11252206
-108903533
-196501577
271897067
-610354844
752496122
-804764496
-500351593
388796547
-566721774
-745487989
625643978
-746700596
-11657668
587826946
475009290
898919057
2164559
191617327
-897007708
293950018
710303679
850372834
-44386414
704013801
273958582
-857345043
194064905
-885808404
826506711
221961245
-502312763
581043720
236393906
131526727
-694469728
-802361578
835797682
-399301813
196885009
407055133
-944659865
-315059360
193393852
-358265049
-549375301
204404355
514009226
-457667801
929899051
-969263380
774857520
-992153314
937614053
-610000911
451638250
197731826
130336395
264494417
543672165
882931319
-764522781
284821022
462362022
-351676791
-5291653
-53567320
290542701
-353670776
452740823
-497261312
-49376848
311011778
-150963317
-172664544
758783560
-590199502
-521620538
49388320
-162895285
-473190603
-532056061
-616433522
-395979490
994352265
513994431
604013313
582448035
527883653
821637003
574600320
236479305
-999665635
464094084
363979884
-102181324
316511781
874813079
-305964778
-676840846
-551275698
477257562
864937391
-986617532
585333432
573604323
193933915
681229253
460213962
-165255664
740297998
-324067554
41795020
886717
-857217554
421107236
290931394
-946181181
-416211483
154662032
142111829
-799357799
-691883611
712114860
804263512
-987845370
435506076
643947939
-250035452
-893668792
-269598008
-653145353
374588906
784843925
-74499621
-276677062
-277797948
-973407180
-541847325
51136025
856738523
806446606
-209997138
110908362
-680653538
-285782880
-598588203
241149848
-683435468
-527274248
-84777301
-873349907
-637825450
821034426
933367630
-818727848
192423541
173558386
9881183
-702722051
766777426
-46618983
-284087585
-293015588
-111906898
881401756
583691207
-311176789
-635988544
297421011
721782390
971866925
727210298
-573875466
-150329202
201301559
617700216
-179786509
-252092149
-391667607
393052459
-142587444
-824800683
678957880
57216466
835893885
-20094418
134743033
-695471001
-945912652
579510617
-80037856
-272789193
529259549
238384295
927159751
83787670
850600572
-665848442
-883062321
956542243
-657799131
-304704431
69262257
172692185
395313575
-231094196
-295486706
-463477279
-900826314
-359459623
-340006293
968044082
526874204
680097792
249276765
-505454333
127327440
19001303
301524334
-834759256
-612932270
788955109
-520884304
-440476355
631199036
-466376879
-827645779
47129041
485549915
398444931
-491414369
131025794
859843495
-64591252
-984930080
-521104692
887655874
199107058
-702400121
149256386
594835247
-28553525
664922668
432128030
541347487
-228256874
80223062
614171680
-872632740
-682090275
998017368
754273593
421743742
-795710057
12315032
-288620833
-873996637
-901734308
343722698
-42016542
992250292
843668448
373664723
-521627437
-696619556
-864836452
-775117085
918719170
904384487
-669348269
-240614273
165474165
-363433085
275745341
794070976
230610005
28536022
690065459
-164519821
-712328745
-888690233
-173627649
-160502716
-538798069
278745918
558816180
747049497
-46887798
-401271453
-243378385
510905839
-371273491
-504326315
-709113022
-662323677
228513986
-206361438
-645581629
211330089
-11043258
-65141986
-485255601
11976627
474840392
348648826
819223845
-461570519
-563386126
550183914
-640714779
123612823
-113596471
-422068171
851438102
-654804141
901846760
-17413958
-359780229
-645275129
172615600
289640884
-954074103
319159285
922950737
24062295
-757298620
226399897
-373309973
-943712002
-597184899
529358467
592888170
628149501
797399010
-301319456
-963356964
942774839
-17167052
59206984
-275046699
982019332
457889020
-217379446
-529640906
-831551376
51054130
591803489
315555033
386962924
-504713359
-496065654
-311532337
-728750642
-576525505
-284693610
-413621499
422217166
514591797
263574346
-438119950
411854099
-138044178
-274589088
899220373
155186413
-515657972
427116093
-60667442
556091259
-236749717
81818295
-860571014
-590662135
-49693364
280139960
997979088
53549066
-576154269
-889986523
-652790428
-379828260
-822116366
-562420155
262905753
-42549136
785152365
249408303
65176789
-387565632
-300384716
-150794669
495006249
330539269
951278010
-198990075
-203139169
92090088
806791616
-622822631
555532496
170311158
238353398
-734861138
638291784
664598578
-326200241
580232555
-236762690
572353521
237476849
786726648
39273760
-381850266
-474511345
158322619
440630830
-16393146
743505490
975314278
-312760269
-2723392
-266155226
313658992
-384551874
985379029
-279818110
-653953887
-13549876
-497147592
882922355
-804159337
-356881782
926558932
-322877543
-484958587
-796009489
-437468572
-534501365
-778253871
-813767121
102780950
-699878044
-890501607
665001184
-435399617
200782490
987048687
-929698087
-848960475
489448290
-374871121
-632678633
-336992827
-965675301
881141426
774086241
424888370
-627341677
-264093184
642325930
-815151722
-415095321
-601192572
268240916
-873550362
750866078
216088607
59462573
680623406
-919631868
-888648314
-392631951
-91473029
-13497122
435986076
547539683
-574082627
-63962935
966558376
49766904
54680294
363285235
606634530
631983191
-913676747
990961270
-832614556
185274443
106951170
976876057
-604759577
731247520
854687417
-690453046
398905359
-271555775
935587232
636070472
-298754563
78848047
339421309
-132468785
-770089914
-886238433
169666345
488190871
-55143735
-423260205
-501132824
-582759565
40378434
-458064425
192236388
298867723
-787483406
601756158
648833616
-306917787
584982326
784779085
947620526
-3785324
35651859
-673337312
-581628225
984394425
-995882135
-882978650
232723031
122750793
-788493412
-330081945
-455840421
358724692
343210690
70342030
954709219
-634165516
-608267711
565534615
-821573154
-832495570
380704847
517006816
759046704
-229951497
-991299347
870862656
421342823
-698543323
923325029
-703636526
-686700470
601409410
396847851
-686460738
-36717503
220784257
-243131378
143072205
-388079461
461230242
-147804917
513819521
505225641
-151003030
-476470904
744245810
976047796
431865258
711321543
887723198
693078045
-996519880
344820086
125779614
-274977830
132516687
-185538016
-922971394
348929507
112302873
-237795906
903855903
924352986
8448687
905540220
855708684
59407621
789955219
-646051811
-811035270
-749153656
-441561297
-252859281
-119435032
-349546156
468807434
-421476355
-506238801
-338790191
-646864855
552268754
709383497
-129624191
-245190264
-216170459
-471688477
2834555
-131459341
110497178
-615926325
512176573
694037744
-818696171
810856655
-547854508
493529680
-45704758
744282240
-843889070
-512303671
-883416627
195761709
422767916
-159025474
227108045
880369999
-552310177
-513667744
471839354
-931912337
439721842
599513213
-394878369
-507989716
-642809522
836458408
-868532784
-689400657
-201699519
455075729
-332762767
32460341
824132211
66522202
-71224794
-93189655
-896360866
106182178
-199276788
993955734
908952683
322829436
199321433
-111232433
124046877
116327663
-842517249
-441492986
-195652700
-668858770
81137850
-925132789
-168514072
-220055459
561551065
441762217
69711918
34528910
-391722467
-170319267
-360604711
942184143
-677087966
736817722
917377713
601341665
64846466
-940809339
-234886124
-890569766
405938494
-516178901
734448103
-294695260
-907870396
589218023
384596349
-244892615
387796734
-390305148
369051294
151941836
973047957
31691663
-121504876
-403136937
-454914140
901033198
158162869
-689700472
-325191024
790019012
721463768
932826218
7505062
115272976
-973303376
390218836
-608207453
-879588469
-898236888
-937450887
-723413542
-671229984
-89565722
881792969
26571556
-818066979
449456869
-562465121
-171000250
-677966374
-550713195
-777654581
277153257
303953772
-39715523
-907278221
173745837
-93847924
990915765
-150427196
-946461422
741238257
-293074501
-948075629
-87204814
777889577
-873172249
-425132898
-597179718
738874846
-954735884
-380180150
-697787083
-110157651
-227109513
678597774
-254871114
-361431484
-147450491
-87571677
194151377
91665497
-156072158
243417884
188325893
-821340055
-613562573
-192535321
-623512873
534022478
573313017
-774914402
873548465
-16982492
776372963
-126351619
-807644165
-622520927
123587903
948519995
566959557
-550648671
794440102
-349420588
-605170501
755868601
-722307374
-312649736
-894053717
-431146299
-366866439
201381215
11922471
-620522883
-676221445
244163844
-987857567
917506277
628674093
516704192
-367416418
-628317960
332627274
-611799709
893240352
608734261
-118000781
-810725258
-871826180
-962588652
824511003
-336964348
124781716
-694864801
167121368
-484680761
379122584
127693502
-620355058
-608291874
-371045442
687640870
-296824552
553867832
49512408
564164974
286231605
-362681561
-333393145
168869458
842175653
55858235
586748744
776225064
922876257
-809421354
-410174798
-618342983
648972854
70294241
-435617211
77842720
-858003330
-689087648
-1073220
-883423694
626753921
-725691807
627553601
-281308986
131597941
-889487364
-927396748
-71944349
-40204968
428559194
50675707
600955454
-501099568
392056892
628324499
557085664
-975744776
98807931
326922735
